0 0.7644927536231884 0.060109289617486336 0.7681159420289855 0.06557377049180328 0.7717391304347826 0.06557377049180328 0.7753623188405797 0.07103825136612021 0.7862318840579711 0.07650273224043716 0.7934782608695652 0.08743169398907104 0.7971014492753623 0.08743169398907104 0.8188405797101449 0.12021857923497267 0.8188405797101449 0.12568306010928962 0.822463768115942 0.13114754098360656 0.822463768115942 0.14207650273224043 0.8260869565217391 0.14754098360655737 0.8260869565217391 0.16939890710382513 0.8297101449275363 0.17486338797814208 0.8297101449275363 0.23497267759562843 0.8260869565217391 0.24043715846994534 0.8260869565217391 0.2677595628415301 0.822463768115942 0.273224043715847 0.8260869565217391 0.2786885245901639 0.8260869565217391 0.2896174863387978 0.8297101449275363 0.29508196721311475 0.8297101449275363 0.30601092896174864 0.8369565217391305 0.31693989071038253 0.855072463768116 0.31693989071038253 0.8586956521739131 0.3224043715846995 0.8659420289855072 0.3224043715846995 0.8695652173913043 0.32786885245901637 0.8731884057971014 0.32786885245901637 0.8768115942028986 0.3333333333333333 0.8768115942028986 0.3442622950819672 0.8804347826086957 0.34972677595628415 0.8840579710144928 0.34972677595628415 0.8985507246376812 0.37158469945355194 0.9021739130434783 0.3879781420765027 0.9166666666666666 0.4098360655737705 0.9166666666666666 0.41530054644808745 0.9492753623188406 0.4644808743169399 0.9492753623188406 0.46994535519125685 0.9565217391304348 0.4808743169398907 0.9565217391304348 0.48633879781420764 0.9746376811594203 0.5136612021857924 0.9746376811594203 0.5191256830601093 0.9782608695652174 0.5245901639344263 0.9746376811594203 0.5300546448087432 0.9710144927536232 0.5300546448087432 0.9456521739130435 0.5683060109289617 0.9420289855072463 0.5683060109289617 0.9384057971014492 0.5737704918032787 0.9384057971014492 0.5792349726775956 0.9311594202898551 0.5901639344262295 0.927536231884058 0.6065573770491803 0.9202898550724637 0.6174863387978142 0.9202898550724637 0.6229508196721312 0.9094202898550725 0.639344262295082 0.9094202898550725 0.6502732240437158 0.9166666666666666 0.6612021857923497 0.9166666666666666 0.6830601092896175 0.9347826086956522 0.7103825136612022 0.9384057971014492 0.7103825136612022 0.9384057971014492 0.726775956284153 0.9420289855072463 0.73224043715847 0.9420289855072463 0.7377049180327869 0.9456521739130435 0.7431693989071039 0.9492753623188406 0.7431693989071039 0.967391304347826 0.7704918032786885 0.9746376811594203 0.7704918032786885 0.9855072463768116 0.7868852459016393 0.9891304347826086 0.7868852459016393 0.9891304347826086 0.7978142076502732 0.9963768115942029 0.8142076502732241 0.9963768115942029 0.8797814207650273 0.9927536231884058 0.8852459016393442 0.9891304347826086 0.8852459016393442 0.9818840579710145 0.9016393442622951 0.9782608695652174 0.9016393442622951 0.9746376811594203 0.907103825136612 0.9710144927536232 0.907103825136612 0.9601449275362319 0.9180327868852459 0.9492753623188406 0.9180327868852459 0.9456521739130435 0.9234972677595629 0.9347826086956522 0.9234972677595629 0.9311594202898551 0.9289617486338798 0.9021739130434783 0.9289617486338798 0.8985507246376812 0.9234972677595629 0.8731884057971014 0.9234972677595629 0.8695652173913043 0.9180327868852459 0.8442028985507246 0.9180327868852459 0.8405797101449275 0.912568306010929 0.8297101449275363 0.912568306010929 0.8260869565217391 0.907103825136612 0.8115942028985508 0.907103825136612 0.8079710144927537 0.9016393442622951 0.7971014492753623 0.9016393442622951 0.7934782608695652 0.8961748633879781 0.7862318840579711 0.8961748633879781 0.782608695652174 0.8907103825136612 0.7753623188405797 0.8907103825136612 0.7717391304347826 0.8852459016393442 0.7644927536231884 0.8852459016393442 0.7608695652173914 0.8797814207650273 0.7572463768115942 0.8797814207650273 0.7463768115942029 0.8688524590163934 0.7355072463768116 0.8688524590163934 0.7318840579710145 0.8633879781420765 0.7246376811594203 0.8633879781420765 0.717391304347826 0.8524590163934426 0.717391304347826 0.8469945355191257 0.7101449275362319 0.8306010928961749 0.677536231884058 0.8142076502732241 0.6702898550724637 0.8032786885245902 0.6666666666666666 0.8032786885245902 0.6666666666666666 0.7978142076502732 0.6630434782608695 0.7923497267759563 0.6594202898550725 0.7923497267759563 0.644927536231884 0.7704918032786885 0.644927536231884 0.7595628415300546 0.6413043478260869 0.7540983606557377 0.6413043478260869 0.7377049180327869 0.6376811594202898 0.73224043715847 0.6376811594202898 0.726775956284153 0.6413043478260869 0.7213114754098361 0.6413043478260869 0.7049180327868853 0.644927536231884 0.6994535519125683 0.644927536231884 0.6885245901639344 0.6413043478260869 0.6830601092896175 0.6376811594202898 0.6830601092896175 0.6340579710144928 0.6885245901639344 0.6268115942028986 0.6885245901639344 0.6268115942028986 0.6830601092896175 0.6231884057971014 0.6775956284153005 0.6195652173913043 0.6775956284153005 0.6159420289855072 0.6830601092896175 0.6123188405797102 0.6830601092896175 0.6086956521739131 0.6775956284153005 0.6014492753623188 0.6775956284153005 0.5978260869565217 0.6830601092896175 0.5942028985507246 0.6830601092896175 0.5869565217391305 0.6939890710382514 0.5869565217391305 0.7049180327868853 0.5905797101449275 0.7103825136612022 0.5905797101449275 0.726775956284153 0.5833333333333334 0.726775956284153 0.5797101449275363 0.7103825136612022 0.572463768115942 0.6994535519125683 0.5615942028985508 0.6939890710382514 0.5543478260869565 0.6830601092896175 0.5362318840579711 0.6830601092896175 0.532608695652174 0.6775956284153005 0.5253623188405797 0.6775956284153005 0.5217391304347826 0.6721311475409836 0.5036231884057971 0.6721311475409836 0.5 0.6775956284153005 0.4963768115942029 0.6775956284153005 0.48188405797101447 0.7049180327868853 0.48188405797101447 0.6885245901639344 0.4891304347826087 0.6775956284153005 0.4891304347826087 0.6721311475409836 0.4855072463768116 0.6666666666666666 0.48188405797101447 0.6666666666666666 0.4746376811594203 0.6775956284153005 0.4673913043478261 0.6775956284153005 0.45652173913043476 0.6939890710382514 0.4528985507246377 0.6939890710382514 0.4492753623188406 0.6994535519125683 0.44565217391304346 0.7158469945355191 0.43478260869565216 0.7213114754098361 0.43478260869565216 0.6994535519125683 0.44565217391304346 0.6830601092896175 0.44565217391304346 0.6775956284153005 0.4492753623188406 0.6721311475409836 0.4492753623188406 0.6612021857923497 0.4384057971014493 0.644808743169399 0.4311594202898551 0.644808743169399 0.427536231884058 0.639344262295082 0.4166666666666667 0.639344262295082 0.4057971014492754 0.6229508196721312 0.39855072463768115 0.6338797814207651 0.39855072463768115 0.639344262295082 0.391304347826087 0.639344262295082 0.38768115942028986 0.644808743169399 0.38405797101449274 0.639344262295082 0.38405797101449274 0.6338797814207651 0.39492753623188404 0.639344262295082 0.39855072463768115 0.6338797814207651 0.39492753623188404 0.6284153005464481 0.39492753623188404 0.6229508196721312 0.39855072463768115 0.6229508196721312 0.40217391304347827 0.6174863387978142 0.4057971014492754 0.6229508196721312 0.40942028985507245 0.6174863387978142 0.41304347826086957 0.6174863387978142 0.4166666666666667 0.6229508196721312 0.42391304347826086 0.6120218579234973 0.42391304347826086 0.6065573770491803 0.4420289855072464 0.6065573770491803 0.44565217391304346 0.6010928961748634 0.4601449275362319 0.6010928961748634 0.463768115942029 0.5956284153005464 0.48188405797101447 0.5956284153005464 0.4855072463768116 0.5901639344262295 0.4927536231884058 0.5901639344262295 0.4963768115942029 0.5846994535519126 0.5 0.5846994535519126 0.5036231884057971 0.5792349726775956 0.5108695652173914 0.5792349726775956 0.5144927536231884 0.5737704918032787 0.5253623188405797 0.5737704918032787 0.5289855072463768 0.5683060109289617 0.5434782608695652 0.5683060109289617 0.5471014492753623 0.5628415300546448 0.5615942028985508 0.5628415300546448 0.5652173913043478 0.5573770491803278 0.5760869565217391 0.5573770491803278 0.5797101449275363 0.5519125683060109 0.5905797101449275 0.5519125683060109 0.5942028985507246 0.546448087431694 0.605072463768116 0.546448087431694 0.6086956521739131 0.5409836065573771 0.6159420289855072 0.5409836065573771 0.6195652173913043 0.5355191256830601 0.6231884057971014 0.5355191256830601 0.6268115942028986 0.5409836065573771 0.6304347826086957 0.5573770491803278 0.6376811594202898 0.5683060109289617 0.6376811594202898 0.5737704918032787 0.6413043478260869 0.5792349726775956 0.644927536231884 0.5737704918032787 0.6521739130434783 0.5737704918032787 0.6557971014492754 0.5683060109289617 0.6666666666666666 0.5683060109289617 0.6702898550724637 0.5628415300546448 0.6847826086956522 0.5628415300546448 0.6920289855072463 0.5519125683060109 0.6956521739130435 0.5519125683060109 0.7028985507246377 0.5409836065573771 0.7065217391304348 0.5409836065573771 0.717391304347826 0.5245901639344263 0.7210144927536232 0.5081967213114754 0.7282608695652174 0.4972677595628415 0.7282608695652174 0.48633879781420764 0.7246376811594203 0.4808743169398907 0.7246376811594203 0.45901639344262296 0.7282608695652174 0.453551912568306 0.7282608695652174 0.4426229508196721 0.7210144927536232 0.43169398907103823 0.717391304347826 0.43169398907103823 0.717391304347826 0.4262295081967213 0.7137681159420289 0.4207650273224044 0.7101449275362319 0.4207650273224044 0.7065217391304348 0.41530054644808745 0.7028985507246377 0.41530054644808745 0.6920289855072463 0.40437158469945356 0.6884057971014492 0.3879781420765027 0.6847826086956522 0.3825136612021858 0.6811594202898551 0.3825136612021858 0.6739130434782609 0.37158469945355194 0.6739130434782609 0.34972677595628415 0.6702898550724637 0.3442622950819672 0.6666666666666666 0.32786885245901637 0.6594202898550725 0.31693989071038253 0.6557971014492754 0.31693989071038253 0.6485507246376812 0.30601092896174864 0.6485507246376812 0.3005464480874317 0.6376811594202898 0.28415300546448086 0.6376811594202898 0.273224043715847 0.6340579710144928 0.2677595628415301 0.6340579710144928 0.2459016393442623 0.6304347826086957 0.24043715846994534 0.6304347826086957 0.23497267759562843 0.6340579710144928 0.22950819672131148 0.6340579710144928 0.1912568306010929 0.6376811594202898 0.18579234972677597 0.6376811594202898 0.16939890710382513 0.644927536231884 0.15846994535519127 0.644927536231884 0.15300546448087432 0.6521739130434783 0.14207650273224043 0.6521739130434783 0.1366120218579235 0.6630434782608695 0.12021857923497267 0.6630434782608695 0.11475409836065574 0.6811594202898551 0.08743169398907104 0.6847826086956522 0.08743169398907104 0.6920289855072463 0.07650273224043716 0.6956521739130435 0.07650273224043716 0.6992753623188406 0.07103825136612021 0.7028985507246377 0.07103825136612021 0.7137681159420289 0.060109289617486336 0.7210144927536232 0.060109289617486336 0.7246376811594203 0.0546448087431694 0.75 0.0546448087431694 0.7536231884057971 0.060109289617486336 0.7608695652173914 0.060109289617486336
0 0.42028985507246375 0.13114754098360656 0.427536231884058 0.14207650273224043 0.43478260869565216 0.14207650273224043 0.4384057971014493 0.14754098360655737 0.4420289855072464 0.14754098360655737 0.45652173913043476 0.18032786885245902 0.45652173913043476 0.24043715846994534 0.4528985507246377 0.2459016393442623 0.4528985507246377 0.2568306010928962 0.45652173913043476 0.26229508196721313 0.45652173913043476 0.2677595628415301 0.4492753623188406 0.28415300546448086 0.4492753623188406 0.29508196721311475 0.44565217391304346 0.3005464480874317 0.44565217391304346 0.30601092896174864 0.45652173913043476 0.3224043715846995 0.463768115942029 0.3224043715846995 0.4673913043478261 0.32786885245901637 0.4746376811594203 0.32786885245901637 0.48188405797101447 0.33879781420765026 0.4855072463768116 0.33879781420765026 0.4963768115942029 0.3551912568306011 0.5036231884057971 0.3551912568306011 0.5108695652173914 0.366120218579235 0.5144927536231884 0.366120218579235 0.5144927536231884 0.37158469945355194 0.5289855072463768 0.39344262295081966 0.5289855072463768 0.3989071038251366 0.532608695652174 0.40437158469945356 0.532608695652174 0.43169398907103823 0.5289855072463768 0.4371584699453552 0.5289855072463768 0.44808743169398907 0.5253623188405797 0.453551912568306 0.5253623188405797 0.45901639344262296 0.5181159420289855 0.46994535519125685 0.5181159420289855 0.47540983606557374 0.5072463768115942 0.4918032786885246 0.5072463768115942 0.4972677595628415 0.4891304347826087 0.5191256830601093 0.4891304347826087 0.5027322404371585 0.48188405797101447 0.4918032786885246 0.48188405797101447 0.47540983606557374 0.4927536231884058 0.45901639344262296 0.4963768115942029 0.45901639344262296 0.5 0.453551912568306 0.5 0.43169398907103823 0.4927536231884058 0.4207650273224044 0.4891304347826087 0.4207650273224044 0.4855072463768116 0.41530054644808745 0.4746376811594203 0.41530054644808745 0.47101449275362317 0.4098360655737705 0.4673913043478261 0.41530054644808745 0.463768115942029 0.41530054644808745 0.4601449275362319 0.4207650273224044 0.4601449275362319 0.4262295081967213 0.4528985507246377 0.4426229508196721 0.4528985507246377 0.45901639344262296 0.43478260869565216 0.48633879781420764 0.43478260869565216 0.4918032786885246 0.4311594202898551 0.4972677595628415 0.4311594202898551 0.5245901639344263 0.42391304347826086 0.5245901639344263 0.42028985507246375 0.5300546448087432 0.39492753623188404 0.5300546448087432 0.391304347826087 0.5355191256830601 0.38768115942028986 0.5519125683060109 0.3804347826086957 0.5628415300546448 0.3804347826086957 0.5737704918032787 0.37681159420289856 0.5792349726775956 0.37681159420289856 0.5846994535519126 0.3804347826086957 0.5901639344262295 0.3804347826086957 0.6065573770491803 0.37318840579710144 0.6065573770491803 0.3695652173913043 0.6120218579234973 0.36594202898550726 0.6120218579234973 0.36231884057971014 0.6065573770491803 0.358695652173913 0.6120218579234973 0.34782608695652173 0.5956284153005464 0.33695652173913043 0.5956284153005464 0.3333333333333333 0.5901639344262295 0.32971014492753625 0.5901639344262295 0.32608695652173914 0.5956284153005464 0.322463768115942 0.5901639344262295 0.30434782608695654 0.5901639344262295 0.3007246376811594 0.5846994535519126 0.2753623188405797 0.5846994535519126 0.2717391304347826 0.5792349726775956 0.2644927536231884 0.5792349726775956 0.2608695652173913 0.5737704918032787 0.2536231884057971 0.5737704918032787 0.25 0.5683060109289617 0.2318840579710145 0.5683060109289617 0.2210144927536232 0.5573770491803278 0.2210144927536232 0.5300546448087432 0.2246376811594203 0.5245901639344263 0.2210144927536232 0.5191256830601093 0.2246376811594203 0.5136612021857924 0.2246376811594203 0.4918032786885246 0.22826086956521738 0.48633879781420764 0.2318840579710145 0.46994535519125685 0.23550724637681159 0.4644808743169399 0.23550724637681159 0.453551912568306 0.2463768115942029 0.4371584699453552 0.25 0.4371584699453552 0.2608695652173913 0.4262295081967213 0.2644927536231884 0.43169398907103823 0.26811594202898553 0.43169398907103823 0.2826086956521739 0.4098360655737705 0.2826086956521739 0.40437158469945356 0.2971014492753623 0.3770491803278688 0.2971014492753623 0.37158469945355194 0.3007246376811594 0.366120218579235 0.30434782608695654 0.34972677595628415 0.3115942028985507 0.33879781420765026 0.3115942028985507 0.3333333333333333 0.32608695652173914 0.3114754098360656 0.32971014492753625 0.3114754098360656 0.33695652173913043 0.3005464480874317 0.3442028985507246 0.3005464480874317 0.35144927536231885 0.2896174863387978 0.35144927536231885 0.273224043715847 0.34782608695652173 0.2677595628415301 0.34782608695652173 0.24043715846994534 0.3442028985507246 0.23497267759562843 0.34782608695652173 0.22950819672131148 0.3442028985507246 0.22404371584699453 0.3442028985507246 0.19672131147540983 0.34782608695652173 0.1912568306010929 0.34782608695652173 0.16939890710382513 0.36231884057971014 0.14754098360655737 0.36231884057971014 0.14207650273224043 0.3695652173913043 0.13114754098360656 0.4166666666666667 0.13114754098360656
0 0.0036231884057971015 0.10382513661202186 0.021739130434782608 0.10382513661202186 0.025362318840579712 0.1092896174863388 0.03260869565217391 0.1092896174863388 0.036231884057971016 0.11475409836065574 0.043478260869565216 0.11475409836065574 0.04710144927536232 0.12021857923497267 0.050724637681159424 0.12021857923497267 0.050724637681159424 0.12568306010928962 0.07246376811594203 0.15846994535519127 0.07246376811594203 0.16393442622950818 0.07971014492753623 0.17486338797814208 0.07971014492753623 0.18579234972677597 0.08333333333333333 0.1912568306010929 0.07971014492753623 0.19672131147540983 0.07971014492753623 0.20218579234972678 0.08333333333333333 0.20765027322404372 0.07608695652173914 0.22404371584699453 0.07608695652173914 0.24043715846994534 0.07246376811594203 0.2459016393442623 0.07246376811594203 0.2677595628415301 0.06884057971014493 0.273224043715847 0.06884057971014493 0.2786885245901639 0.06521739130434782 0.2786885245901639 0.05434782608695652 0.29508196721311475 0.05434782608695652 0.3005464480874317 0.050724637681159424 0.30601092896174864 0.050724637681159424 0.3224043715846995 0.043478260869565216 0.3333333333333333 0.03985507246376811 0.34972677595628415 0.03260869565217391 0.36065573770491804 0.036231884057971016 0.366120218579235 0.03260869565217391 0.37158469945355194 0.03260869565217391 0.3770491803278688 0.036231884057971016 0.3825136612021858 0.03260869565217391 0.3879781420765027 0.036231884057971016 0.39344262295081966 0.036231884057971016 0.40437158469945356 0.043478260869565216 0.41530054644808745 0.043478260869565216 0.43169398907103823 0.04710144927536232 0.4371584699453552 0.04710144927536232 0.44808743169398907 0.050724637681159424 0.453551912568306 0.050724637681159424 0.45901639344262296 0.057971014492753624 0.46994535519125685 0.06884057971014493 0.46994535519125685 0.07246376811594203 0.47540983606557374 0.09420289855072464 0.47540983606557374 0.09782608695652174 0.4808743169398907 0.10869565217391304 0.4808743169398907 0.11231884057971014 0.47540983606557374 0.11594202898550725 0.47540983606557374 0.11956521739130435 0.4808743169398907 0.12681159420289856 0.4808743169398907 0.13405797101449277 0.4918032786885246 0.13405797101449277 0.4972677595628415 0.14130434782608695 0.5136612021857924 0.14130434782608695 0.5245901639344263 0.14492753623188406 0.5300546448087432 0.13768115942028986 0.5409836065573771 0.13405797101449277 0.5409836065573771 0.12681159420289856 0.5300546448087432 0.12318840579710146 0.5300546448087432 0.11231884057971014 0.5191256830601093 0.10869565217391304 0.5245901639344263 0.10869565217391304 0.5300546448087432 0.11956521739130435 0.546448087431694 0.12318840579710146 0.546448087431694 0.12681159420289856 0.5519125683060109 0.13768115942028986 0.5573770491803278 0.14130434782608695 0.5628415300546448 0.14130434782608695 0.5683060109289617 0.11231884057971014 0.5683060109289617 0.10869565217391304 0.5737704918032787 0.09420289855072464 0.5737704918032787 0.09057971014492754 0.5792349726775956 0.08333333333333333 0.5792349726775956 0.07971014492753623 0.5846994535519126 0.07246376811594203 0.5846994535519126 0.06521739130434782 0.5956284153005464 0.06159420289855073 0.5956284153005464 0.05434782608695652 0.6065573770491803 0.050724637681159424 0.6065573770491803 0.04710144927536232 0.6120218579234973 0.018115942028985508 0.6120218579234973 0.014492753623188406 0.6065573770491803 0.007246376811594203 0.6065573770491803 0.007246376811594203 0.5956284153005464 0.0036231884057971015 0.5901639344262295 0.0036231884057971015 0.5519125683060109 0 0.546448087431694 0 0.2568306010928962 0.0036231884057971015 0.25136612021857924 0.0036231884057971015 0.1092896174863388
0 0.14855072463768115 0.1912568306010929 0.15217391304347827 0.19672131147540983 0.15579710144927536 0.19672131147540983 0.16304347826086957 0.20765027322404372 0.16304347826086957 0.21311475409836064 0.17028985507246377 0.22950819672131148 0.17028985507246377 0.273224043715847 0.16304347826086957 0.2896174863387978 0.17028985507246377 0.3005464480874317 0.17028985507246377 0.30601092896174864 0.18115942028985507 0.3224043715846995 0.18115942028985507 0.3333333333333333 0.18478260869565216 0.33879781420765026 0.18478260869565216 0.3442622950819672 0.19202898550724637 0.3551912568306011 0.1956521739130435 0.37158469945355194 0.2028985507246377 0.3825136612021858 0.20652173913043478 0.3825136612021858 0.21014492753623187 0.3879781420765027 0.21014492753623187 0.3989071038251366 0.2028985507246377 0.41530054644808745 0.2028985507246377 0.4371584699453552 0.19927536231884058 0.4426229508196721 0.18840579710144928 0.4426229508196721 0.18478260869565216 0.44808743169398907 0.18478260869565216 0.4371584699453552 0.18115942028985507 0.43169398907103823 0.17753623188405798 0.4371584699453552 0.17028985507246377 0.4371584699453552 0.16666666666666666 0.4426229508196721 0.16666666666666666 0.453551912568306 0.16304347826086957 0.45901639344262296 0.16666666666666666 0.4644808743169399 0.16666666666666666 0.47540983606557374 0.17028985507246377 0.4808743169398907 0.17028985507246377 0.4972677595628415 0.17391304347826086 0.5027322404371585 0.17391304347826086 0.5081967213114754 0.16666666666666666 0.5191256830601093 0.15942028985507245 0.5191256830601093 0.15217391304347827 0.5081967213114754 0.15217391304347827 0.5027322404371585 0.14855072463768115 0.4972677595628415 0.14855072463768115 0.4918032786885246 0.14130434782608695 0.4808743169398907 0.13768115942028986 0.4644808743169399 0.12318840579710146 0.4426229508196721 0.11956521739130435 0.4426229508196721 0.11231884057971014 0.43169398907103823 0.10507246376811594 0.43169398907103823 0.10507246376811594 0.4262295081967213 0.10144927536231885 0.4207650273224044 0.10507246376811594 0.41530054644808745 0.10507246376811594 0.4098360655737705 0.11231884057971014 0.4098360655737705 0.11594202898550725 0.40437158469945356 0.12318840579710146 0.40437158469945356 0.12681159420289856 0.3989071038251366 0.14492753623188406 0.3989071038251366 0.14492753623188406 0.40437158469945356 0.14855072463768115 0.4098360655737705 0.15579710144927536 0.4098360655737705 0.15942028985507245 0.40437158469945356 0.15942028985507245 0.3989071038251366 0.15217391304347827 0.3879781420765027 0.14492753623188406 0.3879781420765027 0.14492753623188406 0.3825136612021858 0.13043478260869565 0.36065573770491804 0.11956521739130435 0.3551912568306011 0.09782608695652174 0.3224043715846995 0.09782608695652174 0.31693989071038253 0.10144927536231885 0.3114754098360656 0.10144927536231885 0.2896174863387978 0.10507246376811594 0.28415300546448086 0.10507246376811594 0.2677595628415301 0.10144927536231885 0.26229508196721313 0.10144927536231885 0.22950819672131148 0.10507246376811594 0.22404371584699453 0.10869565217391304 0.20765027322404372 0.11956521739130435 0.1912568306010929 0.14492753623188406 0.1912568306010929
2 0.16666666666666666 0.5846994535519126 0.17028985507246377 0.5901639344262295 0.17753623188405798 0.5901639344262295 0.18115942028985507 0.5956284153005464 0.19202898550724637 0.6010928961748634 0.19927536231884058 0.6120218579234973 0.2028985507246377 0.6120218579234973 0.213768115942029 0.6284153005464481 0.21739130434782608 0.6284153005464481 0.2210144927536232 0.6338797814207651 0.2210144927536232 0.639344262295082 0.22826086956521738 0.6502732240437158 0.22826086956521738 0.6557377049180327 0.2318840579710145 0.6612021857923497 0.2318840579710145 0.6721311475409836 0.23550724637681159 0.6775956284153005 0.23550724637681159 0.6830601092896175 0.2427536231884058 0.6994535519125683 0.2427536231884058 0.7103825136612022 0.2463768115942029 0.7158469945355191 0.2463768115942029 0.7650273224043715 0.2427536231884058 0.7704918032786885 0.2427536231884058 0.7923497267759563 0.2391304347826087 0.7978142076502732 0.2391304347826087 0.8087431693989071 0.23550724637681159 0.8142076502732241 0.23550724637681159 0.819672131147541 0.22826086956521738 0.8306010928961749 0.22826086956521738 0.8360655737704918 0.2210144927536232 0.8469945355191257 0.2210144927536232 0.8524590163934426 0.1956521739130435 0.8907103825136612 0.19202898550724637 0.8907103825136612 0.18115942028985507 0.907103825136612 0.17753623188405798 0.907103825136612 0.17391304347826086 0.912568306010929 0.16666666666666666 0.912568306010929 0.16304347826086957 0.9180327868852459 0.15217391304347827 0.9180327868852459 0.14855072463768115 0.9234972677595629 0.09420289855072464 0.9234972677595629 0.09057971014492754 0.9180327868852459 0.07971014492753623 0.9180327868852459 0.07608695652173914 0.912568306010929 0.07246376811594203 0.912568306010929 0.06884057971014493 0.907103825136612 0.06521739130434782 0.907103825136612 0.06159420289855073 0.9016393442622951 0.050724637681159424 0.8961748633879781 0.043478260869565216 0.8852459016393442 0.03985507246376811 0.8852459016393442 0.03260869565217391 0.8743169398907104 0.028985507246376812 0.8579234972677595 0.018115942028985508 0.8415300546448088 0.018115942028985508 0.8360655737704918 0.010869565217391304 0.825136612021858 0.010869565217391304 0.819672131147541 0.007246376811594203 0.8142076502732241 0.007246376811594203 0.7158469945355191 0.010869565217391304 0.7103825136612022 0.010869565217391304 0.6939890710382514 0.018115942028985508 0.6830601092896175 0.018115942028985508 0.6721311475409836 0.021739130434782608 0.6666666666666666 0.021739130434782608 0.6612021857923497 0.03260869565217391 0.644808743169399 0.03260869565217391 0.639344262295082 0.04710144927536232 0.6174863387978142 0.050724637681159424 0.6174863387978142 0.06884057971014493 0.5956284153005464 0.07246376811594203 0.5956284153005464 0.07608695652173914 0.5901639344262295 0.08333333333333333 0.5901639344262295 0.08695652173913043 0.5846994535519126 0.09420289855072464 0.5846994535519126 0.09782608695652174 0.5792349726775956 0.11956521739130435 0.5792349726775956 0.12318840579710146 0.5737704918032787 0.13405797101449277 0.5737704918032787 0.13768115942028986 0.5792349726775956 0.15942028985507245 0.5792349726775956 0.16304347826086957 0.5846994535519126
2 0.2826086956521739 0.9398907103825137 0.2826086956521739 0.8360655737704918 0.286231884057971 0.8306010928961749 0.2971014492753623 0.8306010928961749 0.3007246376811594 0.825136612021858 0.30434782608695654 0.825136612021858 0.3079710144927536 0.8306010928961749 0.32971014492753625 0.8306010928961749 0.33695652173913043 0.8415300546448088 0.33695652173913043 0.9180327868852459 0.3333333333333333 0.9234972677595629 0.3333333333333333 0.9398907103825137 0.286231884057971 0.9398907103825137
2 0.3442028985507246 0.7704918032786885 0.34782608695652173 0.7759562841530054 0.36594202898550726 0.7759562841530054 0.37681159420289856 0.7868852459016393 0.40217391304347827 0.7868852459016393 0.4057971014492754 0.7923497267759563 0.4311594202898551 0.7923497267759563 0.43478260869565216 0.7978142076502732 0.4528985507246377 0.7978142076502732 0.45652173913043476 0.8032786885245902 0.4601449275362319 0.8032786885245902 0.463768115942029 0.8087431693989071 0.463768115942029 0.8360655737704918 0.4601449275362319 0.8415300546448088 0.4601449275362319 0.8743169398907104 0.45652173913043476 0.8797814207650273 0.43478260869565216 0.8797814207650273 0.4311594202898551 0.8743169398907104 0.42028985507246375 0.8743169398907104 0.4166666666666667 0.8688524590163934 0.38405797101449274 0.8688524590163934 0.3804347826086957 0.8633879781420765 0.36231884057971014 0.8633879781420765 0.358695652173913 0.8579234972677595 0.34057971014492755 0.8579234972677595 0.34057971014492755 0.8469945355191257 0.33695652173913043 0.8415300546448088 0.33695652173913043 0.8360655737704918 0.3333333333333333 0.8306010928961749 0.322463768115942 0.8306010928961749 0.3188405797101449 0.825136612021858 0.29347826086956524 0.825136612021858 0.27898550724637683 0.8469945355191257 0.2753623188405797 0.8469945355191257 0.2753623188405797 0.7978142076502732 0.27898550724637683 0.7923497267759563 0.27898550724637683 0.7759562841530054 0.2826086956521739 0.7759562841530054 0.286231884057971 0.7704918032786885 0.34057971014492755 0.7704918032786885
2 0.6195652173913043 0.7377049180327869 0.6231884057971014 0.7431693989071039 0.6231884057971014 0.7486338797814208 0.6268115942028986 0.7540983606557377 0.6268115942028986 0.7650273224043715 0.6304347826086957 0.7704918032786885 0.6304347826086957 0.7759562841530054 0.6340579710144928 0.7814207650273224 0.6340579710144928 0.7868852459016393 0.6376811594202898 0.7923497267759563 0.6376811594202898 0.7978142076502732 0.6413043478260869 0.8032786885245902 0.6413043478260869 0.8087431693989071 0.644927536231884 0.8142076502732241 0.644927536231884 0.819672131147541 0.6521739130434783 0.8360655737704918 0.6521739130434783 0.8579234972677595 0.6485507246376812 0.8633879781420765 0.6485507246376812 0.8797814207650273 0.6521739130434783 0.8852459016393442 0.6521739130434783 0.907103825136612 0.6485507246376812 0.912568306010929 0.6485507246376812 0.9180327868852459 0.644927536231884 0.9180327868852459 0.6376811594202898 0.9289617486338798 0.6231884057971014 0.9289617486338798 0.6159420289855072 0.9180327868852459 0.6123188405797102 0.9180327868852459 0.6014492753623188 0.9344262295081968 0.5942028985507246 0.9344262295081968 0.5905797101449275 0.9398907103825137 0.5797101449275363 0.9398907103825137 0.5760869565217391 0.9344262295081968 0.572463768115942 0.9344262295081968 0.5688405797101449 0.9289617486338798 0.5688405797101449 0.9180327868852459 0.5615942028985508 0.9016393442622951 0.5543478260869565 0.9016393442622951 0.5471014492753623 0.8907103825136612 0.5362318840579711 0.8907103825136612 0.5253623188405797 0.8743169398907104 0.5253623188405797 0.8688524590163934 0.5072463768115942 0.8469945355191257 0.5072463768115942 0.8142076502732241 0.5144927536231884 0.8032786885245902 0.5144927536231884 0.7978142076502732 0.5253623188405797 0.7814207650273224 0.5253623188405797 0.7759562841530054 0.532608695652174 0.7650273224043715 0.532608695652174 0.7595628415300546 0.5398550724637681 0.7486338797814208 0.5434782608695652 0.7486338797814208 0.5471014492753623 0.7431693989071039 0.5942028985507246 0.7431693989071039 0.5978260869565217 0.7377049180327869 0.6159420289855072 0.7377049180327869
2 0.29347826086956524 0.5901639344262295 0.3007246376811594 0.6010928961748634 0.30434782608695654 0.5956284153005464 0.3188405797101449 0.5956284153005464 0.322463768115942 0.6010928961748634 0.34782608695652173 0.6010928961748634 0.35144927536231885 0.6065573770491803 0.35144927536231885 0.6775956284153005 0.34782608695652173 0.6830601092896175 0.32608695652173914 0.6830601092896175 0.322463768115942 0.6775956284153005 0.29347826086956524 0.6775956284153005 0.2898550724637681 0.6721311475409836 0.27898550724637683 0.6721311475409836 0.2753623188405797 0.6666666666666666 0.2753623188405797 0.6612021857923497 0.2644927536231884 0.644808743169399 0.2644927536231884 0.639344262295082 0.2608695652173913 0.6338797814207651 0.2572463768115942 0.639344262295082 0.2536231884057971 0.6338797814207651 0.25 0.639344262295082 0.25 0.6338797814207651 0.2463768115942029 0.6284153005464481 0.2427536231884058 0.6338797814207651 0.2318840579710145 0.6229508196721312 0.2318840579710145 0.6120218579234973 0.23550724637681159 0.6065573770491803 0.2391304347826087 0.6065573770491803 0.2427536231884058 0.6010928961748634 0.2463768115942029 0.6010928961748634 0.25 0.6065573770491803 0.2572463768115942 0.5901639344262295 0.2898550724637681 0.5901639344262295
2 0.286231884057971 0.6830601092896175 0.2898550724637681 0.6885245901639344 0.30434782608695654 0.6885245901639344 0.31521739130434784 0.7049180327868853 0.31521739130434784 0.7103825136612022 0.3188405797101449 0.7158469945355191 0.322463768115942 0.73224043715847 0.32608695652173914 0.7377049180327869 0.32971014492753625 0.7377049180327869 0.32971014492753625 0.7431693989071039 0.33695652173913043 0.7540983606557377 0.33695652173913043 0.7595628415300546 0.34057971014492755 0.7650273224043715 0.3188405797101449 0.7650273224043715 0.31521739130434784 0.7595628415300546 0.29347826086956524 0.7595628415300546 0.2898550724637681 0.7650273224043715 0.2826086956521739 0.7650273224043715 0.2753623188405797 0.7759562841530054 0.2753623188405797 0.7814207650273224 0.2717391304347826 0.7868852459016393 0.2717391304347826 0.8032786885245902 0.26811594202898553 0.8032786885245902 0.2644927536231884 0.8087431693989071 0.2608695652173913 0.8032786885245902 0.2572463768115942 0.8032786885245902 0.25 0.7923497267759563 0.25 0.7540983606557377 0.2536231884057971 0.7486338797814208 0.2536231884057971 0.73224043715847 0.2572463768115942 0.726775956284153 0.2572463768115942 0.7213114754098361 0.27898550724637683 0.6885245901639344 0.2826086956521739 0.6885245901639344
2 0.47101449275362317 0.46994535519125685 0.4746376811594203 0.47540983606557374 0.4746376811594203 0.4808743169398907 0.48188405797101447 0.4972677595628415 0.4782608695652174 0.5136612021857924 0.4891304347826087 0.5245901639344263 0.4891304347826087 0.546448087431694 0.4927536231884058 0.5519125683060109 0.4927536231884058 0.5573770491803278 0.5 0.5683060109289617 0.5036231884057971 0.5683060109289617 0.4963768115942029 0.5683060109289617 0.4891304347826087 0.5792349726775956 0.48188405797101447 0.5792349726775956 0.4782608695652174 0.5846994535519126 0.463768115942029 0.5846994535519126 0.4601449275362319 0.5901639344262295 0.44565217391304346 0.5901639344262295 0.4420289855072464 0.5956284153005464 0.42028985507246375 0.5956284153005464 0.4166666666666667 0.5901639344262295 0.39492753623188404 0.5901639344262295 0.391304347826087 0.5846994535519126 0.38405797101449274 0.5846994535519126 0.38405797101449274 0.5628415300546448 0.39855072463768115 0.5355191256830601 0.42391304347826086 0.5355191256830601 0.427536231884058 0.5409836065573771 0.4311594202898551 0.5409836065573771 0.4384057971014493 0.5300546448087432 0.4384057971014493 0.5081967213114754 0.43478260869565216 0.5027322404371585 0.4384057971014493 0.4972677595628415 0.4384057971014493 0.4918032786885246 0.4420289855072464 0.4918032786885246 0.44565217391304346 0.48633879781420764 0.44565217391304346 0.47540983606557374 0.4492753623188406 0.46994535519125685 0.4673913043478261 0.46994535519125685
2 0.6884057971014492 0.4262295081967213 0.6992753623188406 0.4426229508196721 0.6992753623188406 0.453551912568306 0.7028985507246377 0.45901639344262296 0.7028985507246377 0.4644808743169399 0.7101449275362319 0.4808743169398907 0.7101449275362319 0.4918032786885246 0.717391304347826 0.5027322404371585 0.717391304347826 0.5081967213114754 0.7137681159420289 0.5136612021857924 0.7137681159420289 0.5191256830601093 0.6992753623188406 0.5409836065573771 0.6956521739130435 0.5409836065573771 0.6920289855072463 0.546448087431694 0.6847826086956522 0.546448087431694 0.6811594202898551 0.5519125683060109 0.6739130434782609 0.5519125683060109 0.6702898550724637 0.5573770491803278 0.6630434782608695 0.5573770491803278 0.6521739130434783 0.5683060109289617 0.6413043478260869 0.5683060109289617 0.6413043478260869 0.5628415300546448 0.6340579710144928 0.5519125683060109 0.6340579710144928 0.546448087431694 0.6304347826086957 0.5409836065573771 0.6304347826086957 0.5300546448087432 0.6195652173913043 0.5136612021857924 0.6195652173913043 0.5027322404371585 0.6159420289855072 0.4972677595628415 0.6159420289855072 0.48633879781420764 0.6123188405797102 0.4808743169398907 0.6159420289855072 0.47540983606557374 0.6159420289855072 0.46994535519125685 0.6195652173913043 0.46994535519125685 0.6231884057971014 0.4644808743169399 0.6268115942028986 0.4644808743169399 0.6304347826086957 0.45901639344262296 0.6340579710144928 0.45901639344262296 0.6376811594202898 0.453551912568306 0.6413043478260869 0.453551912568306 0.644927536231884 0.44808743169398907 0.6485507246376812 0.44808743169398907 0.6521739130434783 0.4426229508196721 0.6557971014492754 0.4426229508196721 0.6594202898550725 0.4371584699453552 0.6630434782608695 0.4371584699453552 0.6739130434782609 0.4262295081967213 0.6847826086956522 0.4262295081967213
2 0.391304347826087 0.6502732240437158 0.39492753623188404 0.6502732240437158 0.39855072463768115 0.644808743169399 0.40942028985507245 0.644808743169399 0.41304347826086957 0.6502732240437158 0.4311594202898551 0.6502732240437158 0.4420289855072464 0.6666666666666666 0.4384057971014493 0.6830601092896175 0.4311594202898551 0.6939890710382514 0.4311594202898551 0.6994535519125683 0.427536231884058 0.7049180327868853 0.427536231884058 0.7158469945355191 0.39492753623188404 0.7158469945355191 0.391304347826087 0.7103825136612022 0.38768115942028986 0.7103825136612022 0.38768115942028986 0.6939890710382514 0.38405797101449274 0.6885245901639344 0.38768115942028986 0.6830601092896175 0.38768115942028986 0.6721311475409836 0.391304347826087 0.6666666666666666 0.391304347826087 0.6557377049180327
2 0.5144927536231884 0.6775956284153005 0.5181159420289855 0.6830601092896175 0.5253623188405797 0.6830601092896175 0.5289855072463768 0.6885245901639344 0.5434782608695652 0.6885245901639344 0.5471014492753623 0.6939890710382514 0.5579710144927537 0.6939890710382514 0.5760869565217391 0.7213114754098361 0.5797101449275363 0.7377049180327869 0.5434782608695652 0.7377049180327869 0.5289855072463768 0.7595628415300546 0.5289855072463768 0.7650273224043715 0.5217391304347826 0.7759562841530054 0.5217391304347826 0.7814207650273224 0.5108695652173914 0.7978142076502732 0.4927536231884058 0.7978142076502732 0.4891304347826087 0.7923497267759563 0.48188405797101447 0.7923497267759563 0.4782608695652174 0.7868852459016393 0.4782608695652174 0.73224043715847 0.48188405797101447 0.726775956284153 0.48188405797101447 0.7213114754098361 0.4891304347826087 0.7103825136612022 0.4927536231884058 0.6939890710382514 0.5 0.6830601092896175 0.5108695652173914 0.6775956284153005