2 0.625 0.5466666666666666 0.6294642857142857 0.5511111111111111 0.6339285714285714 0.5511111111111111 0.6517857142857143 0.5688888888888889 0.6517857142857143 0.5777777777777777 0.65625 0.5822222222222222 0.65625 0.6044444444444445 0.6607142857142857 0.6088888888888889 0.6607142857142857 0.6222222222222222 0.65625 0.6222222222222222 0.6517857142857143 0.6266666666666667 0.6339285714285714 0.6266666666666667 0.6160714285714286 0.6488888888888888 0.6116071428571429 0.6444444444444445 0.5848214285714286 0.6444444444444445 0.5803571428571429 0.64 0.5758928571428571 0.64 0.5625 0.6266666666666667 0.5625 0.6222222222222222 0.5580357142857143 0.6177777777777778 0.5580357142857143 0.6044444444444445 0.5535714285714286 0.6 0.5535714285714286 0.5911111111111111 0.5580357142857143 0.5866666666666667 0.5580357142857143 0.5777777777777777 0.5625 0.5733333333333334 0.5625 0.5688888888888889 0.5758928571428571 0.5555555555555556 0.5803571428571429 0.5555555555555556 0.5892857142857143 0.5466666666666666 0.6205357142857143 0.5466666666666666
2 0.5267857142857143 0.8622222222222222 0.53125 0.8666666666666667 0.5401785714285714 0.8666666666666667 0.5446428571428571 0.8711111111111111 0.5491071428571429 0.8711111111111111 0.5580357142857143 0.88 0.5625 0.88 0.5669642857142857 0.8844444444444445 0.5669642857142857 0.8888888888888888 0.5758928571428571 0.9022222222222223 0.5758928571428571 0.9155555555555556 0.5625 0.9155555555555556 0.5580357142857143 0.9111111111111111 0.5267857142857143 0.9111111111111111 0.5223214285714286 0.9066666666666666 0.5044642857142857 0.9066666666666666 0.5 0.9111111111111111 0.4955357142857143 0.9111111111111111 0.48660714285714285 0.92 0.48214285714285715 0.92 0.4732142857142857 0.9288888888888889 0.46875 0.9288888888888889 0.4642857142857143 0.9244444444444444 0.4642857142857143 0.8977777777777778 0.49107142857142855 0.8711111111111111 0.4955357142857143 0.8711111111111111 0.5 0.8666666666666667 0.5133928571428571 0.8666666666666667 0.5178571428571429 0.8622222222222222 0.5223214285714286 0.8622222222222222
2 0.5401785714285714 0.9066666666666666 0.5446428571428571 0.9111111111111111 0.5535714285714286 0.9111111111111111 0.5580357142857143 0.9155555555555556 0.5758928571428571 0.9155555555555556 0.5758928571428571 0.92 0.5803571428571429 0.9244444444444444 0.5803571428571429 0.9333333333333333 0.5848214285714286 0.9377777777777778 0.5848214285714286 0.9555555555555556 0.5892857142857143 0.96 0.5892857142857143 0.9822222222222222 0.5848214285714286 0.9866666666666667 0.5848214285714286 0.9955555555555555 0.48214285714285715 0.9955555555555555 0.4732142857142857 0.9866666666666667 0.4732142857142857 0.9777777777777777 0.46875 0.9733333333333334 0.46875 0.9377777777777778 0.49107142857142855 0.9155555555555556 0.4955357142857143 0.9155555555555556 0.5 0.9111111111111111 0.5089285714285714 0.9111111111111111 0.5133928571428571 0.9066666666666666 0.5178571428571429 0.9066666666666666 0.5223214285714286 0.9111111111111111 0.5357142857142857 0.9111111111111111
2 0.8258928571428571 0.8711111111111111 0.8303571428571429 0.8755555555555555 0.8348214285714286 0.8755555555555555 0.8526785714285714 0.8933333333333333 0.8526785714285714 0.8977777777777778 0.8571428571428571 0.9022222222222223 0.8571428571428571 0.9155555555555556 0.8616071428571429 0.92 0.8616071428571429 0.9333333333333333 0.8571428571428571 0.9377777777777778 0.8571428571428571 0.9511111111111111 0.8482142857142857 0.96 0.8482142857142857 0.9644444444444444 0.8348214285714286 0.9777777777777777 0.8303571428571429 0.9777777777777777 0.8258928571428571 0.9822222222222222 0.7857142857142857 0.9822222222222222 0.75 0.9466666666666667 0.75 0.9066666666666666 0.7544642857142857 0.9022222222222223 0.7589285714285714 0.8888888888888888 0.7767857142857143 0.8711111111111111 0.78125 0.8711111111111111 0.7857142857142857 0.8666666666666667 0.7946428571428571 0.8666666666666667 0.7991071428571429 0.8622222222222222 0.8035714285714286 0.8622222222222222 0.8080357142857143 0.8666666666666667 0.8169642857142857 0.8666666666666667 0.8214285714285714 0.8711111111111111
2 0.7678571428571429 0.84 0.7678571428571429 0.8444444444444444 0.78125 0.8577777777777778 0.78125 0.8666666666666667 0.7767857142857143 0.8711111111111111 0.7723214285714286 0.8711111111111111 0.7544642857142857 0.8888888888888888 0.7544642857142857 0.8933333333333333 0.7455357142857143 0.9066666666666666 0.7455357142857143 0.9377777777777778 0.7321428571428571 0.9377777777777778 0.7276785714285714 0.9333333333333333 0.7232142857142857 0.9333333333333333 0.7008928571428571 0.9155555555555556 0.6919642857142857 0.9155555555555556 0.6785714285714286 0.9022222222222223 0.6785714285714286 0.8666666666666667 0.6830357142857143 0.8622222222222222 0.6830357142857143 0.8577777777777778 0.6919642857142857 0.8488888888888889 0.6919642857142857 0.8444444444444444 0.6964285714285714 0.8444444444444444 0.7053571428571429 0.8355555555555556 0.7098214285714286 0.8355555555555556 0.7142857142857143 0.8311111111111111 0.7455357142857143 0.8311111111111111 0.75 0.8355555555555556 0.7589285714285714 0.8355555555555556 0.7633928571428571 0.84
2 0.96875 0.8977777777777778 0.9732142857142857 0.9022222222222223 0.9821428571428571 0.9022222222222223 0.9955357142857143 0.9155555555555556 0.9955357142857143 0.9955555555555555 0.9017857142857143 0.9955555555555555 0.8928571428571429 0.9822222222222222 0.8928571428571429 0.9377777777777778 0.8973214285714286 0.9333333333333333 0.8973214285714286 0.9244444444444444 0.9151785714285714 0.9066666666666666 0.9196428571428571 0.9066666666666666 0.9330357142857143 0.8977777777777778 0.9642857142857143 0.8977777777777778
2 0.8348214285714286 0.6177777777777778 0.8482142857142857 0.6266666666666667 0.8482142857142857 0.6711111111111111 0.8214285714285714 0.6711111111111111 0.8169642857142857 0.6666666666666666 0.7991071428571429 0.6666666666666666 0.7946428571428571 0.6622222222222223 0.7857142857142857 0.6622222222222223 0.7857142857142857 0.6311111111111111 0.7991071428571429 0.6177777777777778 0.8080357142857143 0.6177777777777778 0.8125 0.6133333333333333 0.8169642857142857 0.6133333333333333 0.8214285714285714 0.6177777777777778 0.8303571428571429 0.6177777777777778
2 0.7053571428571429 0.7111111111111111 0.7098214285714286 0.7155555555555555 0.71875 0.7155555555555555 0.7321428571428571 0.7288888888888889 0.7321428571428571 0.7333333333333333 0.7366071428571429 0.7377777777777778 0.7366071428571429 0.7644444444444445 0.7232142857142857 0.7733333333333333 0.7142857142857143 0.7733333333333333 0.7098214285714286 0.7777777777777778 0.7053571428571429 0.7777777777777778 0.7008928571428571 0.7822222222222223 0.6964285714285714 0.7822222222222223 0.6919642857142857 0.7866666666666666 0.6875 0.7866666666666666 0.6741071428571429 0.7955555555555556 0.6651785714285714 0.7955555555555556 0.6607142857142857 0.8 0.6383928571428571 0.8 0.6383928571428571 0.7511111111111111 0.6517857142857143 0.7377777777777778 0.65625 0.7377777777777778 0.6607142857142857 0.7333333333333333 0.6607142857142857 0.7288888888888889 0.6651785714285714 0.7288888888888889 0.6785714285714286 0.7155555555555555 0.6830357142857143 0.7155555555555555 0.6875 0.7111111111111111 0.7008928571428571 0.7111111111111111
2 0.7857142857142857 0.7688888888888888 0.7901785714285714 0.7733333333333333 0.7946428571428571 0.7733333333333333 0.8035714285714286 0.7822222222222223 0.8035714285714286 0.7866666666666666 0.8125 0.8 0.8125 0.8311111111111111 0.8080357142857143 0.8355555555555556 0.8035714285714286 0.8488888888888889 0.7991071428571429 0.8488888888888889 0.7901785714285714 0.8577777777777778 0.7857142857142857 0.8577777777777778 0.78125 0.8533333333333334 0.78125 0.8488888888888889 0.7678571428571429 0.8355555555555556 0.7633928571428571 0.8355555555555556 0.75 0.8266666666666667 0.71875 0.8266666666666667 0.71875 0.8222222222222222 0.7142857142857143 0.8177777777777778 0.7142857142857143 0.8044444444444444 0.71875 0.8 0.71875 0.7911111111111111 0.7366071428571429 0.7733333333333333 0.7410714285714286 0.7733333333333333 0.7455357142857143 0.7688888888888888 0.7589285714285714 0.7688888888888888 0.7633928571428571 0.7644444444444445 0.7767857142857143 0.7644444444444445 0.78125 0.7688888888888888
0 0.53125 0.18666666666666668 0.5357142857142857 0.19111111111111112 0.5535714285714286 0.19111111111111112 0.5580357142857143 0.19555555555555557 0.5669642857142857 0.19555555555555557 0.5714285714285714 0.2 0.5758928571428571 0.2 0.5848214285714286 0.2088888888888889 0.5892857142857143 0.2088888888888889 0.59375 0.21333333333333335 0.59375 0.21777777777777776 0.6026785714285714 0.22666666666666666 0.6026785714285714 0.2311111111111111 0.6116071428571429 0.24 0.6116071428571429 0.24444444444444444 0.6160714285714286 0.24888888888888888 0.6160714285714286 0.2577777777777778 0.625 0.27111111111111114 0.625 0.3111111111111111 0.6205357142857143 0.31555555555555553 0.6205357142857143 0.3377777777777778 0.6160714285714286 0.3422222222222222 0.6160714285714286 0.35555555555555557 0.6071428571428571 0.36444444444444446 0.6071428571428571 0.3688888888888889 0.6026785714285714 0.37333333333333335 0.6026785714285714 0.39111111111111113 0.6428571428571429 0.4311111111111111 0.6428571428571429 0.43555555555555553 0.6517857142857143 0.4488888888888889 0.6517857142857143 0.4577777777777778 0.65625 0.4622222222222222 0.65625 0.47555555555555556 0.6607142857142857 0.48 0.6607142857142857 0.49333333333333335 0.6651785714285714 0.49777777777777776 0.6651785714285714 0.5066666666666667 0.6696428571428571 0.5111111111111111 0.6696428571428571 0.5244444444444445 0.6785714285714286 0.5333333333333333 0.6785714285714286 0.5377777777777778 0.6830357142857143 0.5422222222222223 0.6830357142857143 0.5555555555555556 0.6919642857142857 0.5688888888888889 0.6919642857142857 0.6222222222222222 0.6830357142857143 0.6311111111111111 0.6830357142857143 0.64 0.6741071428571429 0.6488888888888888 0.6741071428571429 0.6533333333333333 0.6607142857142857 0.6666666666666666 0.6339285714285714 0.6666666666666666 0.6294642857142857 0.6711111111111111 0.6294642857142857 0.68 0.6339285714285714 0.6844444444444444 0.6339285714285714 0.6888888888888889 0.6383928571428571 0.6933333333333334 0.6383928571428571 0.7022222222222222 0.6428571428571429 0.7066666666666667 0.6428571428571429 0.7333333333333333 0.6383928571428571 0.7333333333333333 0.625 0.7422222222222222 0.625 0.7511111111111111 0.6294642857142857 0.7555555555555555 0.6294642857142857 0.8044444444444444 0.5982142857142857 0.8355555555555556 0.5714285714285714 0.8355555555555556 0.5669642857142857 0.8311111111111111 0.5669642857142857 0.8266666666666667 0.5535714285714286 0.8133333333333334 0.5491071428571429 0.8133333333333334 0.5357142857142857 0.8 0.5 0.8 0.4955357142857143 0.8044444444444444 0.49107142857142855 0.8044444444444444 0.48214285714285715 0.8133333333333334 0.4732142857142857 0.8133333333333334 0.46875 0.8177777777777778 0.46875 0.8444444444444444 0.4732142857142857 0.8488888888888889 0.4732142857142857 0.8577777777777778 0.47767857142857145 0.8622222222222222 0.47767857142857145 0.8666666666666667 0.4732142857142857 0.8711111111111111 0.46875 0.8844444444444445 0.4642857142857143 0.8844444444444445 0.45982142857142855 0.8888888888888888 0.45982142857142855 0.9022222222222223 0.45535714285714285 0.9066666666666666 0.4330357142857143 0.9066666666666666 0.41964285714285715 0.8977777777777778 0.4107142857142857 0.8977777777777778 0.40625 0.8933333333333333 0.39732142857142855 0.8933333333333333 0.39285714285714285 0.8888888888888888 0.38392857142857145 0.8888888888888888 0.3794642857142857 0.8844444444444445 0.3705357142857143 0.8844444444444445 0.36607142857142855 0.88 0.35714285714285715 0.88 0.35267857142857145 0.8755555555555555 0.3392857142857143 0.8755555555555555 0.33035714285714285 0.8666666666666667 0.32589285714285715 0.8666666666666667 0.32142857142857145 0.8622222222222222 0.3169642857142857 0.8622222222222222 0.3125 0.8666666666666667 0.3080357142857143 0.8622222222222222 0.2767857142857143 0.8622222222222222 0.27232142857142855 0.8577777777777778 0.2544642857142857 0.8577777777777778 0.24107142857142858 0.8488888888888889 0.18303571428571427 0.8488888888888889 0.17857142857142858 0.8444444444444444 0.15625 0.8444444444444444 0.15178571428571427 0.8488888888888889 0.12946428571428573 0.8488888888888889 0.125 0.8533333333333334 0.11607142857142858 0.8533333333333334 0.11160714285714286 0.8577777777777778 0.09821428571428571 0.8577777777777778 0.08035714285714286 0.84 0.08035714285714286 0.8355555555555556 0.07589285714285714 0.8311111111111111 0.07589285714285714 0.8044444444444444 0.08035714285714286 0.8 0.08035714285714286 0.7911111111111111 0.08928571428571429 0.7822222222222223 0.09375 0.7822222222222223 0.09821428571428571 0.7777777777777778 0.14732142857142858 0.7777777777777778 0.15178571428571427 0.7822222222222223 0.16071428571428573 0.7822222222222223 0.16517857142857142 0.7866666666666666 0.16964285714285715 0.7866666666666666 0.17410714285714285 0.7822222222222223 0.1875 0.7822222222222223 0.19196428571428573 0.7777777777777778 0.19642857142857142 0.7822222222222223 0.21875 0.7822222222222223 0.22321428571428573 0.7866666666666666 0.23660714285714285 0.7733333333333333 0.23660714285714285 0.7688888888888888 0.2544642857142857 0.7466666666666667 0.2544642857142857 0.7422222222222222 0.25892857142857145 0.7377777777777778 0.25892857142857145 0.7288888888888889 0.26339285714285715 0.7244444444444444 0.26339285714285715 0.7155555555555555 0.2767857142857143 0.7022222222222222 0.28125 0.7022222222222222 0.29464285714285715 0.6888888888888889 0.30357142857142855 0.6888888888888889 0.3080357142857143 0.6844444444444444 0.3125 0.6844444444444444 0.32142857142857145 0.6755555555555556 0.33482142857142855 0.6755555555555556 0.34375 0.6666666666666666 0.34375 0.6577777777777778 0.32589285714285715 0.64 0.32589285714285715 0.6222222222222222 0.32142857142857145 0.6177777777777778 0.32142857142857145 0.56 0.32589285714285715 0.5555555555555556 0.32589285714285715 0.5511111111111111 0.34375 0.5333333333333333 0.34375 0.5288888888888889 0.35267857142857145 0.5155555555555555 0.35267857142857145 0.5066666666666667 0.35714285714285715 0.5022222222222222 0.35714285714285715 0.49333333333333335 0.36160714285714285 0.4888888888888889 0.36160714285714285 0.48 0.36607142857142855 0.47555555555555556 0.36607142857142855 0.4577777777777778 0.375 0.4444444444444444 0.375 0.43555555555555553 0.3794642857142857 0.4311111111111111 0.3794642857142857 0.4266666666666667 0.39285714285714285 0.41333333333333333 0.39732142857142855 0.41333333333333333 0.4107142857142857 0.4 0.41517857142857145 0.4 0.42857142857142855 0.39111111111111113 0.4375 0.39111111111111113 0.4419642857142857 0.38666666666666666 0.4419642857142857 0.37777777777777777 0.4330357142857143 0.36444444444444446 0.4330357142857143 0.3422222222222222 0.42857142857142855 0.3377777777777778 0.42857142857142855 0.32 0.4330357142857143 0.31555555555555553 0.42857142857142855 0.3111111111111111 0.4330357142857143 0.30666666666666664 0.4330357142857143 0.29333333333333333 0.4375 0.28888888888888886 0.4375 0.24888888888888888 0.4419642857142857 0.24444444444444444 0.4419642857142857 0.24 0.45982142857142855 0.2222222222222222 0.45982142857142855 0.21777777777777776 0.47767857142857145 0.2 0.48214285714285715 0.2 0.48660714285714285 0.19555555555555557 0.4955357142857143 0.19555555555555557 0.5 0.19111111111111112 0.5178571428571429 0.19111111111111112 0.5223214285714286 0.18666666666666668 0.5267857142857143 0.18666666666666668
0 0.9955357142857143 0.17777777777777778 0.9955357142857143 0.8666666666666667 0.9910714285714286 0.8666666666666667 0.9866071428571429 0.8622222222222222 0.9866071428571429 0.8577777777777778 0.9821428571428571 0.8533333333333334 0.9776785714285714 0.8533333333333334 0.96875 0.84 0.9642857142857143 0.84 0.9553571428571429 0.8311111111111111 0.9508928571428571 0.8311111111111111 0.9464285714285714 0.8266666666666667 0.9419642857142857 0.8266666666666667 0.9375 0.8222222222222222 0.9330357142857143 0.8222222222222222 0.9285714285714286 0.8177777777777778 0.9151785714285714 0.8133333333333334 0.8973214285714286 0.7955555555555556 0.8973214285714286 0.7911111111111111 0.8883928571428571 0.7822222222222223 0.8883928571428571 0.7777777777777778 0.8839285714285714 0.7733333333333333 0.8839285714285714 0.7644444444444445 0.8794642857142857 0.76 0.8794642857142857 0.7466666666666667 0.875 0.7422222222222222 0.875 0.7333333333333333 0.8705357142857143 0.7288888888888889 0.8705357142857143 0.6844444444444444 0.8616071428571429 0.6755555555555556 0.8571428571428571 0.6755555555555556 0.8526785714285714 0.6711111111111111 0.8526785714285714 0.6133333333333333 0.84375 0.6044444444444445 0.84375 0.6 0.8392857142857143 0.5955555555555555 0.8348214285714286 0.5955555555555555 0.8258928571428571 0.5866666666666667 0.8214285714285714 0.5866666666666667 0.7946428571428571 0.56 0.7946428571428571 0.5555555555555556 0.7901785714285714 0.5511111111111111 0.7901785714285714 0.5466666666666666 0.7946428571428571 0.5422222222222223 0.7946428571428571 0.5333333333333333 0.7991071428571429 0.5288888888888889 0.7991071428571429 0.5111111111111111 0.8035714285714286 0.5066666666666667 0.8035714285714286 0.5022222222222222 0.8169642857142857 0.4888888888888889 0.8169642857142857 0.48444444444444446 0.8303571428571429 0.4711111111111111 0.8303571428571429 0.4666666666666667 0.8794642857142857 0.4177777777777778 0.8839285714285714 0.4177777777777778 0.8928571428571429 0.4088888888888889 0.8973214285714286 0.4088888888888889 0.9017857142857143 0.40444444444444444 0.90625 0.40444444444444444 0.9196428571428571 0.39555555555555555 0.9285714285714286 0.39555555555555555 0.9330357142857143 0.39111111111111113 0.9375 0.39111111111111113 0.9553571428571429 0.37333333333333335 0.9553571428571429 0.35555555555555557 0.9464285714285714 0.3466666666666667 0.9464285714285714 0.3333333333333333 0.9419642857142857 0.3288888888888889 0.9419642857142857 0.31555555555555553 0.9375 0.3111111111111111 0.9375 0.3022222222222222 0.9330357142857143 0.29777777777777775 0.9330357142857143 0.28 0.9375 0.27555555555555555 0.9375 0.2577777777777778 0.9419642857142857 0.25333333333333335 0.9419642857142857 0.24444444444444444 0.9464285714285714 0.24 0.9464285714285714 0.2311111111111111 0.9508928571428571 0.22666666666666666 0.9553571428571429 0.21333333333333335 0.9866071428571429 0.18222222222222223 0.9910714285714286 0.18222222222222223