0 0.3236363636363636 0.2568306010928962 0.32727272727272727 0.26229508196721313 0.3490909090909091 0.26229508196721313 0.3527272727272727 0.2677595628415301 0.36363636363636365 0.273224043715847 0.3709090909090909 0.28415300546448086 0.3709090909090909 0.29508196721311475 0.3781818181818182 0.3114754098360656 0.3781818181818182 0.3989071038251366 0.37454545454545457 0.40437158469945356 0.37454545454545457 0.4098360655737705 0.36727272727272725 0.4207650273224044 0.36727272727272725 0.4262295081967213 0.3709090909090909 0.43169398907103823 0.3781818181818182 0.43169398907103823 0.38545454545454544 0.4207650273224044 0.3890909090909091 0.40437158469945356 0.4036363636363636 0.3825136612021858 0.4072727272727273 0.3825136612021858 0.4109090909090909 0.3770491803278688 0.4218181818181818 0.3770491803278688 0.4290909090909091 0.3879781420765027 0.4290909090909091 0.41530054644808745 0.41818181818181815 0.43169398907103823 0.4072727272727273 0.4371584699453552 0.3927272727272727 0.45901639344262296 0.3927272727272727 0.4644808743169399 0.3781818181818182 0.48633879781420764 0.38181818181818183 0.4918032786885246 0.38181818181818183 0.5027322404371585 0.3890909090909091 0.5136612021857924 0.3890909090909091 0.5300546448087432 0.41454545454545455 0.5683060109289617 0.41818181818181815 0.5683060109289617 0.4218181818181818 0.5737704918032787 0.4254545454545455 0.5737704918032787 0.4290909090909091 0.5792349726775956 0.44 0.5846994535519126 0.44727272727272727 0.6010928961748634 0.44727272727272727 0.6229508196721312 0.44363636363636366 0.6284153005464481 0.44363636363636366 0.6338797814207651 0.44 0.639344262295082 0.43636363636363634 0.639344262295082 0.4290909090909091 0.6502732240437158 0.4290909090909091 0.6666666666666666 0.43272727272727274 0.6721311475409836 0.43272727272727274 0.6830601092896175 0.4290909090909091 0.6885245901639344 0.4290909090909091 0.6939890710382514 0.41818181818181815 0.7103825136612022 0.41454545454545455 0.7103825136612022 0.4109090909090909 0.7158469945355191 0.3890909090909091 0.7158469945355191 0.38545454545454544 0.7213114754098361 0.33454545454545453 0.7213114754098361 0.33090909090909093 0.7158469945355191 0.3018181818181818 0.7158469945355191 0.29818181818181816 0.7103825136612022 0.29454545454545455 0.7103825136612022 0.29454545454545455 0.7049180327868853 0.29818181818181816 0.6994535519125683 0.29818181818181816 0.6775956284153005 0.3054545454545455 0.6666666666666666 0.3054545454545455 0.644808743169399 0.29818181818181816 0.6284153005464481 0.29818181818181816 0.6010928961748634 0.3018181818181818 0.5956284153005464 0.29818181818181816 0.5901639344262295 0.29818181818181816 0.5300546448087432 0.29454545454545455 0.5245901639344263 0.29454545454545455 0.4918032786885246 0.2909090909090909 0.48633879781420764 0.2909090909090909 0.44808743169398907 0.29454545454545455 0.4426229508196721 0.29454545454545455 0.4262295081967213 0.3054545454545455 0.4098360655737705 0.3054545454545455 0.3825136612021858 0.29818181818181816 0.37158469945355194 0.29454545454545455 0.37158469945355194 0.2872727272727273 0.3551912568306011 0.2872727272727273 0.29508196721311475 0.3054545454545455 0.2677595628415301 0.3090909090909091 0.2677595628415301 0.31272727272727274 0.26229508196721313 0.32 0.26229508196721313
0 0.7236363636363636 0.24043715846994534 0.7454545454545455 0.24043715846994534 0.7563636363636363 0.25136612021857924 0.7563636363636363 0.2568306010928962 0.7636363636363637 0.273224043715847 0.7636363636363637 0.3005464480874317 0.7709090909090909 0.3114754098360656 0.7745454545454545 0.32786885245901637 0.7818181818181819 0.33879781420765026 0.7818181818181819 0.34972677595628415 0.7854545454545454 0.3551912568306011 0.7854545454545454 0.36065573770491804 0.7890909090909091 0.366120218579235 0.7890909090909091 0.37158469945355194 0.7963636363636364 0.3879781420765027 0.7963636363636364 0.4262295081967213 0.8 0.43169398907103823 0.8 0.46994535519125685 0.8036363636363636 0.47540983606557374 0.8036363636363636 0.5573770491803278 0.8072727272727273 0.5628415300546448 0.8072727272727273 0.5901639344262295 0.8109090909090909 0.5956284153005464 0.8109090909090909 0.6174863387978142 0.8145454545454546 0.6229508196721312 0.8145454545454546 0.6775956284153005 0.8181818181818182 0.6830601092896175 0.8145454545454546 0.6885245901639344 0.8145454545454546 0.7049180327868853 0.8109090909090909 0.7103825136612022 0.8109090909090909 0.726775956284153 0.8072727272727273 0.73224043715847 0.8072727272727273 0.7431693989071039 0.7927272727272727 0.7650273224043715 0.7890909090909091 0.7650273224043715 0.7818181818181819 0.7814207650273224 0.7781818181818182 0.7814207650273224 0.7745454545454545 0.7868852459016393 0.76 0.7868852459016393 0.7563636363636363 0.7923497267759563 0.7236363636363636 0.7923497267759563 0.72 0.7868852459016393 0.6945454545454546 0.7868852459016393 0.6909090909090909 0.7923497267759563 0.6872727272727273 0.7923497267759563 0.6763636363636364 0.8032786885245902 0.6690909090909091 0.8032786885245902 0.6581818181818182 0.8142076502732241 0.6436363636363637 0.8142076502732241 0.64 0.8087431693989071 0.6254545454545455 0.8087431693989071 0.6181818181818182 0.7978142076502732 0.6181818181818182 0.7814207650273224 0.6218181818181818 0.7814207650273224 0.6254545454545455 0.7759562841530054 0.6545454545454545 0.7759562841530054 0.6618181818181819 0.7595628415300546 0.6618181818181819 0.7377049180327869 0.6581818181818182 0.73224043715847 0.6581818181818182 0.726775956284153 0.64 0.7049180327868853 0.6181818181818182 0.6939890710382514 0.6036363636363636 0.6721311475409836 0.6 0.6721311475409836 0.5963636363636363 0.6666666666666666 0.5854545454545454 0.6666666666666666 0.5818181818181818 0.6612021857923497 0.5781818181818181 0.6612021857923497 0.5781818181818181 0.6338797814207651 0.5818181818181818 0.6284153005464481 0.5890909090909091 0.6284153005464481 0.5927272727272728 0.6338797814207651 0.6036363636363636 0.6338797814207651 0.6072727272727273 0.639344262295082 0.6363636363636364 0.639344262295082 0.64 0.6338797814207651 0.6509090909090909 0.6338797814207651 0.6581818181818182 0.644808743169399 0.6654545454545454 0.644808743169399 0.6690909090909091 0.639344262295082 0.6727272727272727 0.639344262295082 0.68 0.6284153005464481 0.68 0.6229508196721312 0.6836363636363636 0.6174863387978142 0.6836363636363636 0.6065573770491803 0.68 0.6010928961748634 0.6945454545454546 0.5683060109289617 0.6945454545454546 0.5573770491803278 0.6872727272727273 0.5409836065573771 0.6872727272727273 0.5300546448087432 0.6836363636363636 0.5245901639344263 0.6836363636363636 0.5081967213114754 0.68 0.5027322404371585 0.68 0.4918032786885246 0.6763636363636364 0.48633879781420764 0.6763636363636364 0.44808743169398907 0.68 0.4426229508196721 0.68 0.43169398907103823 0.6872727272727273 0.4207650273224044 0.6872727272727273 0.41530054644808745 0.6909090909090909 0.41530054644808745 0.7018181818181818 0.40437158469945356 0.7272727272727273 0.40437158469945356 0.730909090909091 0.4098360655737705 0.7381818181818182 0.4098360655737705 0.7418181818181818 0.41530054644808745 0.7454545454545455 0.41530054644808745 0.7563636363636363 0.4262295081967213 0.76 0.4262295081967213 0.7636363636363637 0.4207650273224044 0.7636363636363637 0.3770491803278688 0.76 0.37158469945355194 0.76 0.36065573770491804 0.7527272727272727 0.3442622950819672 0.7527272727272727 0.3333333333333333 0.7490909090909091 0.32786885245901637 0.7490909090909091 0.31693989071038253 0.7454545454545455 0.3114754098360656 0.7454545454545455 0.30601092896174864 0.7418181818181818 0.3005464480874317 0.7381818181818182 0.3005464480874317 0.72 0.273224043715847 0.72 0.2677595628415301 0.7236363636363636 0.2677595628415301 0.7272727272727273 0.26229508196721313 0.7272727272727273 0.25136612021857924 0.7236363636363636 0.2459016393442623
2 0.20363636363636364 0.9180327868852459 0.2109090909090909 0.9289617486338798 0.2109090909090909 0.9398907103825137 0.21454545454545454 0.9453551912568307 0.21454545454545454 0.9617486338797814 0.2109090909090909 0.9672131147540983 0.19272727272727272 0.9672131147540983 0.1890909090909091 0.9617486338797814 0.18545454545454546 0.9617486338797814 0.18545454545454546 0.9234972677595629 0.1890909090909091 0.9180327868852459 0.2 0.9180327868852459
2 0.7163636363636363 0.24043715846994534 0.730909090909091 0.26229508196721313 0.730909090909091 0.273224043715847 0.7272727272727273 0.273224043715847 0.7236363636363636 0.2677595628415301 0.7090909090909091 0.2677595628415301 0.6981818181818182 0.2568306010928962 0.6981818181818182 0.25136612021857924 0.7054545454545454 0.23497267759562843 0.7090909090909091 0.23497267759562843 0.7127272727272728 0.24043715846994534
2 0.5436363636363636 0.7814207650273224 0.05454545454545454 0.12021857923497267
2 0.6145454545454545 0.73224043715847 0.6254545454545455 0.73224043715847 0.6327272727272727 0.7431693989071039 0.6327272727272727 0.7486338797814208 0.6363636363636364 0.7540983606557377 0.6363636363636364 0.7650273224043715 0.6327272727272727 0.7704918032786885 0.6181818181818182 0.7704918032786885 0.6181818181818182 0.7486338797814208 0.6145454545454545 0.7431693989071039 0.6145454545454545 0.7377049180327869
2 0.48363636363636364 0.4918032786885246 0.4909090909090909 0.5027322404371585 0.4909090909090909 0.5136612021857924 0.49454545454545457 0.5191256830601093 0.49454545454545457 0.5683060109289617 0.4909090909090909 0.5737704918032787 0.4909090909090909 0.5901639344262295 0.4727272727272727 0.5901639344262295 0.46545454545454545 0.5792349726775956 0.46545454545454545 0.5081967213114754 0.4690909090909091 0.5027322404371585 0.4690909090909091 0.4972677595628415 0.48 0.4918032786885246
2 0.31636363636363635 0.7213114754098361 0.32727272727272727 0.7213114754098361 0.33090909090909093 0.726775956284153 0.3381818181818182 0.726775956284153 0.3418181818181818 0.73224043715847 0.3418181818181818 0.7540983606557377 0.31636363636363635 0.7540983606557377 0.31272727272727274 0.7486338797814208 0.31272727272727274 0.73224043715847 0.31636363636363635 0.726775956284153
2 0.2545454545454545 0.7213114754098361 0.26545454545454544 0.7213114754098361 0.2690909090909091 0.726775956284153 0.27636363636363637 0.726775956284153 0.28 0.73224043715847 0.2872727272727273 0.73224043715847 0.2872727272727273 0.7377049180327869 0.2909090909090909 0.7431693989071039 0.2909090909090909 0.7595628415300546 0.2872727272727273 0.7650273224043715 0.2545454545454545 0.7650273224043715 0.2509090909090909 0.7595628415300546 0.2509090909090909 0.73224043715847 0.2545454545454545 0.726775956284153
2 0.05454545454545454 0.7486338797814208 0.05454545454545454 0.7540983606557377 0.06181818181818182 0.7704918032786885 0.06181818181818182 0.7868852459016393 0.05090909090909091 0.7978142076502732 0.03272727272727273 0.7978142076502732 0.02909090909090909 0.7923497267759563 0.02909090909090909 0.7540983606557377 0.03636363636363636 0.7431693989071039 0.04727272727272727 0.7431693989071039 0.05090909090909091 0.7486338797814208
2 0.5345454545454545 0.5846994535519126 0.5418181818181819 0.5846994535519126 0.5454545454545454 0.5792349726775956 0.5563636363636364 0.5792349726775956 0.5636363636363636 0.5956284153005464 0.5854545454545454 0.5956284153005464 0.5890909090909091 0.5901639344262295 0.610909090909091 0.5901639344262295 0.6145454545454545 0.5956284153005464 0.6036363636363636 0.6065573770491803 0.5854545454545454 0.6065573770491803 0.5672727272727273 0.6338797814207651 0.5527272727272727 0.6338797814207651 0.5490909090909091 0.6284153005464481 0.5454545454545454 0.6120218579234973 0.5345454545454545 0.5956284153005464 0.5345454545454545 0.5901639344262295
2 0.9563636363636364 0.8633879781420765 0.96 0.8688524590163934 0.9636363636363636 0.8688524590163934 0.9781818181818182 0.8961748633879781 0.9854545454545455 0.8961748633879781 0.9890909090909091 0.9016393442622951 0.9927272727272727 0.9016393442622951 0.9927272727272727 0.907103825136612 0.9963636363636363 0.912568306010929 0.9963636363636363 0.9180327868852459 0.9927272727272727 0.9234972677595629 0.9781818181818182 0.9234972677595629 0.9709090909090909 0.9344262295081968 0.9709090909090909 0.9398907103825137 0.9672727272727273 0.9453551912568307 0.96 0.9453551912568307 0.9527272727272728 0.9344262295081968 0.9490909090909091 0.9344262295081968 0.9454545454545454 0.9398907103825137 0.9345454545454546 0.9453551912568307 0.9272727272727272 0.9344262295081968 0.92 0.9344262295081968 0.9127272727272727 0.9234972677595629 0.9127272727272727 0.9180327868852459 0.9090909090909091 0.912568306010929 0.9090909090909091 0.8961748633879781 0.9127272727272727 0.8907103825136612 0.9236363636363636 0.8907103825136612 0.9309090909090909 0.8797814207650273 0.9309090909090909 0.8743169398907104 0.9418181818181818 0.8633879781420765 0.9527272727272728 0.8633879781420765
2 0.5054545454545455 0.7049180327868853 0.5163636363636364 0.7049180327868853 0.5163636363636364 0.73224043715847 0.5272727272727272 0.7486338797814208 0.5272727272727272 0.7540983606557377 0.5309090909090909 0.7595628415300546 0.5309090909090909 0.7704918032786885 0.5272727272727272 0.7704918032786885 0.5236363636363637 0.7759562841530054 0.48727272727272725 0.7759562841530054 0.48363636363636364 0.7814207650273224 0.4763636363636364 0.7814207650273224 0.4727272727272727 0.7868852459016393 0.46545454545454545 0.7868852459016393 0.4618181818181818 0.7923497267759563 0.4509090909090909 0.7923497267759563 0.44727272727272727 0.7978142076502732 0.44 0.7978142076502732 0.4290909090909091 0.7868852459016393 0.4290909090909091 0.7650273224043715 0.4218181818181818 0.7540983606557377 0.4218181818181818 0.7377049180327869 0.4290909090909091 0.7377049180327869 0.43272727272727274 0.73224043715847 0.4581818181818182 0.73224043715847 0.4618181818181818 0.7377049180327869 0.46545454545454545 0.73224043715847 0.46545454545454545 0.726775956284153 0.4618181818181818 0.7213114754098361 0.4618181818181818 0.7103825136612022 0.4727272727272727 0.7103825136612022 0.48 0.7213114754098361 0.48 0.7486338797814208 0.48727272727272725 0.7595628415300546 0.49454545454545457 0.7595628415300546 0.5127272727272727 0.7377049180327869 0.5127272727272727 0.73224043715847 0.509090909090909 0.726775956284153 0.5054545454545455 0.7103825136612022
2 0.05454545454545454 0.7486338797814208 0.05454545454545454 0.7540983606557377 0.06181818181818182 0.7704918032786885 0.06181818181818182 0.7868852459016393 0.05090909090909091 0.7978142076502732 0.03272727272727273 0.7978142076502732 0.02909090909090909 0.7923497267759563 0.02909090909090909 0.7540983606557377 0.03636363636363636 0.7431693989071039 0.04727272727272727 0.7431693989071039 0.05090909090909091 0.7486338797814208