0 0.08088803088803088 0.27654639175257734 0.08868725868725869 0.25773195876288657
0 0.7941312741312742 0.4847938144329897 0.23374517374517373 0.73
2 0.7862934362934363 0.6965979381443298 0.3412355212355212 0.39288659793814434
2 0.46644787644787644 0.7669072164948454 0.2754826254826255 0.18809278350515465
0 0.4601930501930502 0.652680412371134 0.12104247104247105 0.193659793814433
2 0.22486486486486487 0.30371134020618556 0.21810810810810813 0.2897938144329897
2 0.3725482625482625 0.3301546391752577 0.06054054054054054 0.08917525773195877
2 0.42208494208494207 0.3691752577319588 0.06575289575289575 0.09195876288659793
2 0.46749034749034746 0.3085567010309278 0.0667953667953668 0.10726804123711339
2 0.5206949806949808 0.27654639175257734 0.0793050193050193 0.10170103092783506
2 0.5249034749034749 0.36010309278350516 0.07096525096525096 0.08499999999999999
2 0.5770656370656371 0.2138659793814433 0.07513513513513514 0.12118556701030929
2 0.12625482625482626 0.6749999999999999 0.1711196911196911 0.20757731958762887
2 0.23324324324324322 0.7696907216494845 0.1554826254826255 0.15463917525773196